line
120 300 0 160 300 0
line
120 300 0 120 300 20
line
160 300 0 160 300 20
line
120 300 0 120 175 0
line
120 300 0 120 300 20
line
120 175 0 120 175 20
line
120 175 0 160 175 0
line
160 175 0 160 175 20
line
160 300 0 160 175 0
line
160 300 0 260 300 0
line
260 300 0 260 300 20
line
160 175 0 260 175 0
line
260 175 0 260 175 20
line
260 175 0 260 300 0
line
260 175 0 300 175 0
line
260 300 0 300 300 0
line
300 300 0 300 300 20
line
300 175 0 300 300 0
line
300 175 0 300 175 20
line
160 175 0 160 50 0
line
160 50 0 160 50 20
line
160 50 0 210 50 0
line
210 50 0 210 50 20
line
210 50 0 210 175 0
line
210 175 0 210 175 20
line
260 50 0 210 50 0
line
260 50 0 260 50 20
line
260 50 0 260 175 0
line
190 300 0 190 350 0
line
190 300 0 190 300 20
line
190 350 0 190 350 20
line
190 350 0 235 350 0
line
235 350 0 235 350 20
line
235 350 0 235 300 0
line
235 300 0 235 300 20
line
120 300 20 160 300 20
line
120 300 20 120 175 20
line
120 175 20 160 175 20
line
160 300 20 160 175 20
line
160 300 20 260 300 20
line
160 175 20 260 175 20
line
260 175 20 260 300 20
line
260 175 20 300 175 20
line
260 300 20 300 300 20
line
300 175 20 300 300 20
line
160 175 20 160 50 20
line
160 50 20 210 50 20
line
210 50 20 210 175 20
line
260 50 20 210 50 20
line
260 50 20 260 175 20
line
190 300 20 190 350 20
line
190 350 20 235 350 20
line
235 350 20 235 300 20
ident
rotate
x 45
rotate
y 30
apply
display
save
robloxian.png